OOS% \ Runs          6          8         10         12         14
       6      -3604.15   -3661.27   -1460.00    102.56    -323.20
       8      3067.57    272.57     -84.69    1146.22    1610.43
      10       276.23    127.04   -1231.15    1036.12   -2650.67
      12        31.10   -1091.30   -1094.29    -2647.48   -1969.47
      14       -668.69   -1250.65   -2642.52    -1711.66   2084.67
      16      -1624.87   -2660.41   -1796.70    2067.38   -1180.35
      18      -1300.06   -2035.09   1908.59    1120.92   -402.52
      20      -1927.19    1768.59   -1316.00    -354.22    -930.46
      22      -2349.95   -1952.74    -580.21    -528.15   -1016.01
      24      -1408.78   -1312.43    -536.27   -1130.19   -1181.89	